5.000000000000000000e+01 9.865353730640305952e-04 1.246233704193324549e-03 9.646668044852554358e-01 -2.487762568379476846e-01 3.318337969156023859e-03 1.033234291835938290e-03
5.025000000000000000e+01 9.917169198560384698e-04 1.239548094317747227e-03 9.643387345068498151e-01 -2.499689699645822605e-01 3.309076213919112663e-03 1.045298543208172948e-03
5.050000000000000000e+01 1.001787938001817138e-03 1.240924377600143014e-03 9.640168685118777336e-01 -2.511774991836710491e-01 3.327926885650742128e-03 1.033084942825723829e-03
5.075000000000000000e+01 1.006232722213145324e-03 1.247002356730341106e-03 9.636820090776299086e-01 -2.523908707503096371e-01 3.342698438003513517e-03 1.016703457191903137e-03
5.100000000000000000e+01 1.015834377483785080e-03 1.241973323067601482e-03 9.633456324644472657e-01 -2.536001601745868084e-01 3.337670152976840443e-03 1.035590612285114398e-03
5.125000000000000000e+01 1.021290415919477246e-03 1.251338506124098854e-03 9.630154813126894364e-01 -2.547975366376034057e-01 3.348694325760417922e-03 1.028864564116160896e-03
5.150000000000000000e+01 1.033190670890127977e-03 1.259405781743397129e-03 9.627140861636783731e-01 -2.559889337735261061e-01 3.343761145644705279e-03 1.024020273474840481e-03
5.175000000000000000e+01 1.036457832255435101e-03 1.257541339355306700e-03 9.623664603241194326e-01 -2.572051060703669512e-01 3.361023697931286858e-03 1.004299356303500756e-03
5.200000000000000000e+01 1.050174805730542038e-03 1.243446413799599018e-03 9.620424700981073940e-01 -2.584169834880947203e-01 3.379740519238713659e-03 1.023109926173715323e-03
5.225000000000000000e+01 1.047405483023170674e-03 1.264098271829564891e-03 9.617141400498386838e-01 -2.595995266404224067e-01 3.388071844422496648e-03 1.006789770348376356e-03
5.250000000000000000e+01 1.073945152775896512e-03 1.259610809056548085e-03 9.613706509809298861e-01 -2.608042802362446344e-01 3.376985594083559139e-03 1.011912295565520203e-03
5.275000000000000000e+01 1.060829186289835233e-03 1.264098001018136271e-03 9.610130069074794834e-01 -2.620143488166933876e-01 3.430956175132698904e-03 9.893800808450647910e-04
5.300000000000000000e+01 1.050015559857715589e-03 1.246541868956706385e-03 9.606960952665695164e-01 -2.632134486538970086e-01 3.460467597806118900e-03 1.005094462347422279e-03
5.325000000000000000e+01 1.081619324279218738e-03 1.245813392259161045e-03 9.603278021229527672e-01 -2.644054622014511136e-01 3.438863060048744091e-03 1.005131592792252171e-03
5.350000000000000000e+01 1.084671716509842069e-03 1.253243947723890490e-03 9.599757923260276993e-01 -2.656095126943979201e-01 3.445915269832247607e-03 9.970491932205227670e-04
5.375000000000000000e+01 1.101451334313439164e-03 1.250412996912695848e-03 9.596408747788948146e-01 -2.667883646058037961e-01 3.430020876307254829e-03 1.007667871733897158e-03
5.400000000000000000e+01 1.096301541813237551e-03 1.242452330962209037e-03 9.592976420258055859e-01 -2.679824322052141716e-01 3.469864136225908613e-03 1.003356366980234782e-03
5.425000000000000000e+01 1.114864661819744756e-03 1.241892758999842009e-03 9.589408879609763181e-01 -2.691997322042091745e-01 3.466792272006649633e-03 9.961725455698289267e-04
5.450000000000000000e+01 1.122428330570313928e-03 1.251663784011826678e-03 9.585909996049072346e-01 -2.703859456819104334e-01 3.466611233268593328e-03 9.792818733522778984e-04
5.475000000000000000e+01 1.125456861087435236e-03 1.247403366975892609e-03 9.582280349288339050e-01 -2.715832039684050736e-01 3.488156828652749786e-03 9.897113996482076459e-04
5.500000000000000000e+01 1.136975790511246661e-03 1.240848311216125478e-03 9.578681453613193675e-01 -2.727716338025249487e-01 3.495133432071570456e-03 1.014089588358191296e-03
5.525000000000000000e+01 1.142497407969160755e-03 1.253036296423651373e-03 9.575303119940793417e-01 -2.739609544670604802e-01 3.496011429036147145e-03 9.852033602407161972e-04
5.550000000000000000e+01 1.142943160765840741e-03 1.248952708140007141e-03 9.571753692356361753e-01 -2.751537966239481214e-01 3.514289078261595423e-03 9.675249959853471360e-04
5.575000000000000000e+01 1.145622234773251624e-03 1.257880477785286661e-03 9.568155813780168106e-01 -2.763519738198555453e-01 3.520200287489338997e-03 9.595534464423849386e-04
5.600000000000000000e+01 1.154548933174266191e-03 1.251047323793584099e-03 9.564536483367271913e-01 -2.775643618335712492e-01 3.524216249282202673e-03 9.767248500486824803e-04
5.625000000000000000e+01 1.168178136057924444e-03 1.255160641291873727e-03 9.560806127450935943e-01 -2.787450174838608241e-01 3.526641806263358658e-03 9.708236039552287089e-04
5.650000000000000000e+01 1.171910401296578181e-03 1.240915208425326247e-03 9.557488980033729264e-01 -2.799376633295593830e-01 3.554456193364349814e-03 9.758419532785445050e-04
5.675000000000000000e+01 1.176166566356067270e-03 1.253782563872925292e-03 9.553832421996436564e-01 -2.811279251095971654e-01 3.549917319051479336e-03 9.657192191117602853e-04
5.700000000000000000e+01 1.193424570524287973e-03 1.263538926215679488e-03 9.550302763817678509e-01 -2.823243422005646264e-01 3.549338759943870825e-03 9.400273190146579694e-04
5.725000000000000000e+01 1.194523333782577601e-03 1.251611999072957523e-03 9.546447683327081712e-01 -2.835257802142542305e-01 3.557227556171119187e-03 9.507375065228029776e-04
5.750000000000000000e+01 1.205462459555683465e-03 1.255946926099490686e-03 9.542744491789029171e-01 -2.847132974286912810e-01 3.565725469011446491e-03 9.464698055058340387e-04
5.775000000000000000e+01 1.217490259022372453e-03 1.258167914615920249e-03 9.539178005549843187e-01 -2.858960584305249020e-01 3.573658641279245374e-03 9.366321510221320423e-04
5.800000000000000000e+01 1.227278108868839123e-03 1.222135560901159565e-03 9.535365916305061917e-01 -2.870920910759623967e-01 3.593039552950733073e-03 9.568221487818995286e-04
5.825000000000000000e+01 1.232588497700541326e-03 1.249202834080853902e-03 9.531674333887966144e-01 -2.882909239919835831e-01 3.611356313135027918e-03 9.412459673007744776e-04
5.850000000000000000e+01 1.208331078593754323e-03 1.253989565312467686e-03 9.528120632775611831e-01 -2.894712837943070327e-01 3.641344186238737457e-03 9.349211898879716820e-04
5.875000000000000000e+01 1.223475818268282686e-03 1.245906863673103054e-03 9.524335001536647916e-01 -2.906600128167556862e-01 3.623191679976253687e-03 9.298384650066049417e-04
5.900000000000000000e+01 1.246762121754101159e-03 1.265704669939042917e-03 9.520591160777360784e-01 -2.918370387033321633e-01 3.611665178901782292e-03 9.289749089982923813e-04
5.925000000000000000e+01 1.250641498945673658e-03 1.256131584449531047e-03 9.516577659156274516e-01 -2.930350851446351657e-01 3.636171543791005822e-03 9.245633357634064353e-04
5.950000000000000000e+01 1.252030800631348008e-03 1.260498524231986901e-03 9.512655021067436545e-01 -2.942151703046129718e-01 3.636997861611923621e-03 9.164521640334100105e-04
5.975000000000000000e+01 1.267047104348561137e-03 1.253110431150409416e-03 9.508931246295818651e-01 -2.954106940049911478e-01 3.628067679492183450e-03 9.252639869168355347e-04
6.000000000000000000e+01 1.264193157637062736e-03 1.262661593351547791e-03 9.505119962864532202e-01 -2.965906343772585219e-01 3.663439804688209400e-03 9.037832937975331937e-04
6.025000000000000000e+01 1.259105306426998305e-03 1.252727701244325982e-03 9.501471790162341335e-01 -2.977638205978119790e-01 3.680795641141584862e-03 9.092246736641662608e-04
6.050000000000000000e+01 1.283094480437902817e-03 1.255548178830308195e-03 9.497373092972408726e-01 -2.989409095952868523e-01 3.667622738908499214e-03 8.939190469454127985e-04
6.075000000000000000e+01 1.294860399310583405e-03 1.252614384091632832e-03 9.493558708062965756e-01 -3.001358778972704755e-01 3.675735685785608275e-03 9.028249145091038486e-04
6.100000000000000000e+01 1.307619765432483988e-03 1.287104929107372921e-03 9.490031109202121673e-01 -3.013111524937385211e-01 3.679839850938532164e-03 8.523674273695491799e-04
6.125000000000000000e+01 1.313522278517654813e-03 1.247614980021973701e-03 9.485836406365393270e-01 -3.025040701410927069e-01 3.701194374167077195e-03 9.027862404599185098e-04
6.150000000000000000e+01 1.307139925509624365e-03 1.270183755533457878e-03 9.481929048622715905e-01 -3.036954307631428152e-01 3.705255415551542142e-03 8.745161992735894785e-04
6.175000000000000000e+01 1.327496005001620053e-03 1.250267567433627431e-03 9.478043870692982598e-01 -3.048708428201204468e-01 3.725010841822348762e-03 8.802408740722356129e-04
6.200000000000000000e+01 1.326196616313801181e-03 1.248346743562609492e-03 9.474092112359588924e-01 -3.060465870737088534e-01 3.724319894003499942e-03 8.871351692347761997e-04
6.225000000000000000e+01 1.334169492096798923e-03 1.244164037529029440e-03 9.470228162325367016e-01 -3.072326494741497438e-01 3.728317610638923196e-03 8.824728882977916911e-04
6.250000000000000000e+01 1.340222942012522745e-03 1.240849600542249208e-03 9.466450750907728917e-01 -3.084132514004018222e-01 3.761372186267153417e-03 8.652695467246118710e-04
6.275000000000000000e+01 1.344548703470553608e-03 1.248830025718770682e-03 9.462295560510566306e-01 -3.095875565869227186e-01 3.776537253251971427e-03 8.596020419449068584e-04
6.300000000000000000e+01 1.351397380899579297e-03 1.252489717524106179e-03 9.458277832339025970e-01 -3.107746288129364376e-01 3.771104781858561350e-03 8.504739924870552414e-04
6.325000000000000000e+01 1.368197913803691386e-03 1.252744186015943180e-03 9.454250525334348954e-01 -3.119503772569144906e-01 3.775714127847260015e-03 8.519204446105765882e-04
6.350000000000000000e+01 1.376379047744184965e-03 1.262100957378251053e-03 9.450336359426361188e-01 -3.131274229916902740e-01 3.752656596848646942e-03 8.370112268961116264e-04
6.375000000000000000e+01 1.371270814937851313e-03 1.252286322673756228e-03 9.446328947431487100e-01 -3.143146174445337615e-01 3.789188481054708846e-03 8.390360044618350166e-04
6.400000000000000000e+01 1.395177714444203066e-03 1.247884656185156661e-03 9.442237918880034275e-01 -3.154843991284291826e-01 3.774199291013233259e-03 8.384541540593648534e-04
6.425000000000000000e+01 1.390020546145932789e-03 1.246870583684642686e-03 9.438266822052061578e-01 -3.166682863567629180e-01 3.814821200821147396e-03 8.260055799773624585e-04
6.450000000000000000e+01 1.383088301630015218e-03 1.247744331452167645e-03 9.434138515100607414e-01 -3.178412567805212197e-01 3.812505904135232715e-03 8.236688593842855788e-04
6.475000000000000000e+01 1.409733706180138924e-03 1.240723536149173885e-03 9.430197860471063454e-01 -3.190194445069255424e-01 3.808906146012119853e-03 8.338310586833430627e-04
6.500000000000000000e+01 1.403635582468063230e-03 1.257161957613718269e-03 9.426105841486777104e-01 -3.202062297575571925e-01 3.802301844633801386e-03 8.165013793515196738e-04
6.525000000000000000e+01 1.428487240866581874e-03 1.244097818130409554e-03 9.422242791091262060e-01 -3.213843521042370477e-01 3.798010471789514675e-03 8.250416164398699514e-04
6.550000000000000000e+01 1.424243529769038483e-03 1.233987761408889905e-03 9.418028979342493168e-01 -3.225723991750005792e-01 3.835380222978024278e-03 8.176987339173491520e-04
6.575000000000000000e+01 1.428984618520843597e-03 1.247311175908414217e-03 9.413704201422681273e-01 -3.237222401716233211e-01 3.840361379235601724e-03 7.922970821501174044e-04
6.600000000000000000e+01 1.444185149727920990e-03 1.242908338184381791e-03 9.409756921302222521e-01 -3.248729266201367261e-01 3.840087980746892393e-03 7.949335709321880827e-04
6.625000000000000000e+01 1.444823845319223718e-03 1.241233103221405171e-03 9.405350534080010316e-01 -3.260688885073604326e-01 3.868622509889424466e-03 7.986221133766124858e-04
6.650000000000000000e+01 1.438274175279367429e-03 1.246674899929341900e-03 9.401172891522578956e-01 -3.272373597445296101e-01 3.882099184307846729e-03 7.789691725610392581e-04
6.675000000000000000e+01 1.448262408531189420e-03 1.227849790695779292e-03 9.397037188665774421e-01 -3.284051817167820686e-01 3.885817235646654710e-03 7.850775774074225666e-04
6.700000000000000000e+01 1.468784739539734678e-03 1.232659165707024156e-03 9.392844417551782232e-01 -3.295608119534338964e-01 3.866276442208549380e-03 7.880194350446401153e-04
6.725000000000000000e+01 1.463345865743843595e-03 1.250077233449365787e-03 9.388803645109297102e-01 -3.307330770469188441e-01 3.872480094663871553e-03 7.714151040872918585e-04
6.750000000000000000e+01 1.481259284531721713e-03 1.232100194587283431e-03 9.384435846915999413e-01 -3.319097077321184752e-01 3.882494845484502077e-03 7.891992780738044111e-04
6.775000000000000000e+01 1.480293090294136898e-03 1.233490794319426920e-03 9.380028732741129138e-01 -3.330814786081153223e-01 3.915980295362081476e-03 7.819171785280465414e-04
6.800000000000000000e+01 1.484997038348134183e-03 1.236810888837596920e-03 9.375831379684654854e-01 -3.342439572917876855e-01 3.910447229753200027e-03 7.715837467923147841e-04
6.825000000000000000e+01 1.493829150068924855e-03 1.230384905511862272e-03 9.371396162616614234e-01 -3.354045777350641577e-01 3.906286440859080278e-03 7.625799815766942658e-04
6.850000000000000000e+01 1.509611837088054584e-03 1.235731079714224917e-03 9.367155598245542336e-01 -3.365760788266312087e-01 3.929199491177259862e-03 7.526421198147392744e-04
6.875000000000000000e+01 1.499100215572801969e-03 1.240319814680735560e-03 9.362749372758135680e-01 -3.377584534649720194e-01 3.939559286010752004e-03 7.438487909855462377e-04
6.900000000000000000e+01 1.517520511205361529e-03 1.235837172008929065e-03 9.358278033181814948e-01 -3.389278541168090353e-01 3.966933957879198447e-03 7.275294171768531548e-04
6.925000000000000000e+01 1.521779735528496196e-03 1.238072253717182030e-03 9.353995372197911884e-01 -3.400936728011677013e-01 3.942803374850090137e-03 7.309058460060469109e-04
6.950000000000000000e+01 1.523074130942578958e-03 1.230735766848403950e-03 9.349799749064904297e-01 -3.412528096151813961e-01 3.934139525028662598e-03 7.349104903490166762e-04
6.975000000000000000e+01 1.516358287795781549e-03 1.235596045258209987e-03 9.345389665206574881e-01 -3.424075922993715104e-01 3.965692585236019196e-03 7.194540535614413201e-04
7.000000000000000000e+01 1.551887566571011736e-03 1.229259221887243512e-03 9.341046430951476243e-01 -3.435857771558454843e-01 3.949323620044076222e-03 7.316646677257288012e-04
7.025000000000000000e+01 1.541487163631298854e-03 1.228554463267843982e-03 9.336447873309541290e-01 -3.447510976324003051e-01 3.980437272024933693e-03 7.219524066014448849e-04
7.050000000000000000e+01 1.555135928980816125e-03 1.271567163067213518e-03 9.331584022937686740e-01 -3.459002997148580838e-01 3.975971145537021689e-03 6.580589655773017022e-04
7.075000000000000000e+01 1.564810703600493869e-03 1.232545968303501872e-03 9.327670765481795856e-01 -3.470223489808895723e-01 3.985837530451341593e-03 6.990678938113004115e-04
7.100000000000000000e+01 1.565817383349277616e-03 1.230805466493342833e-03 9.323332073102902351e-01 -3.482029365390325037e-01 3.988718470312180298e-03 6.955961914139607849e-04
7.125000000000000000e+01 1.566196341513154296e-03 1.231257084696541805e-03 9.318736076380181865e-01 -3.493983211685218748e-01 4.012482852027515756e-03 6.817883176312711235e-04
7.150000000000000000e+01 1.565618668740635091e-03 1.231966385817693469e-03 9.314357393361913928e-01 -3.505549876490299810e-01 4.035423439467084039e-03 6.650917754187912756e-04
7.175000000000000000e+01 1.587460829723860321e-03 1.228900703041492428e-03 9.309883926413335953e-01 -3.516829000603053368e-01 4.015060798466446590e-03 6.867896757452585099e-04
7.200000000000000000e+01 1.592959535244821466e-03 1.234477197103524791e-03 9.305443847408592095e-01 -3.528368958722475912e-01 4.009106673686979594e-03 6.678757057961282051e-04
7.225000000000000000e+01 1.600294707472721401e-03 1.217355958916229884e-03 9.300675579283691485e-01 -3.540065662922761702e-01 4.011559654534174735e-03 6.851555786001051196e-04
7.250000000000000000e+01 1.615612309329754730e-03 1.225550684239310991e-03 9.296261854112592982e-01 -3.551909509285127164e-01 4.019985268571196757e-03 6.781434667572083796e-04
7.275000000000000000e+01 1.615692588871932506e-03 1.217880212913110063e-03 9.291688050466064830e-01 -3.563368755842989399e-01 4.030913510503247865e-03 6.628928490097774073e-04
7.300000000000000000e+01 1.615832992985487444e-03 1.225986309589753229e-03 9.287178370122851634e-01 -3.574599172490947052e-01 4.046963124586244742e-03 6.428474653670246397e-04
7.325000000000000000e+01 1.624185018471539397e-03 1.219398661316898171e-03 9.282606150301027093e-01 -3.586222030430942231e-01 4.061562653476652462e-03 6.412960637633413619e-04
7.350000000000000000e+01 1.635791802363225711e-03 1.261603491094169700e-03 9.278065246203760497e-01 -3.597972705971771989e-01 4.008230892847741700e-03 6.168012342593898190e-04
7.375000000000000000e+01 1.634113058204186234e-03 1.215467331672444307e-03 9.273140628883608239e-01 -3.609790583826225085e-01 4.071293606375203655e-03 6.384813090290486493e-04
7.400000000000000000e+01 1.641733901564512753e-03 1.220843701938116241e-03 9.268729525309253869e-01 -3.620806613307681054e-01 4.054021565222332146e-03 6.249352904852956136e-04
7.425000000000000000e+01 1.654030780786861290e-03 1.219480379558687648e-03 9.264170964587375989e-01 -3.632343675282300732e-01 4.057655422103678688e-03 6.373102808868158498e-04
7.450000000000000000e+01 1.645306396395747198e-03 1.214419943458914944e-03 9.259406309048473505e-01 -3.644223047662809023e-01 4.096893833656994888e-03 6.210369718820940577e-04
7.475000000000000000e+01 1.665313674515632230e-03 1.203007612095599544e-03 9.254683211115223296e-01 -3.655857242537746132e-01 4.082298496161984591e-03 6.238255222125732580e-04
7.500000000000000000e+01 1.659758696844114206e-03 1.191235888478403820e-03 9.250113717268036995e-01 -3.666981630011922899e-01 4.122639473050443426e-03 6.398538948390597447e-04
7.525000000000000000e+01 1.666508683175375351e-03 1.198364904935288319e-03 9.245478072155107752e-01 -3.678445858831899118e-01 4.134168231086698952e-03 6.173362083587430327e-04
7.550000000000000000e+01 1.675588646085049817e-03 1.187618512081669263e-03 9.240680930736141496e-01 -3.690042290547355663e-01 4.133100034612285922e-03 6.126615933679802062e-04
7.575000000000000000e+01 1.693011082919306963e-03 1.197412568772370043e-03 9.235810153563155378e-01 -3.701749200130624029e-01 4.115624474027440582e-03 5.910743933255080407e-04
7.600000000000000000e+01 1.703368887276358098e-03 1.215659089975645434e-03 9.231043287736052649e-01 -3.713051901789254372e-01 4.095941807244513067e-03 5.921767115296128203e-04
7.625000000000000000e+01 1.698013437860996979e-03 1.209929465164879267e-03 9.226383559166988491e-01 -3.724278705280466006e-01 4.119725509513116890e-03 5.888571336771231124e-04
7.650000000000000000e+01 1.715249162501981126e-03 1.207248400427906286e-03 9.221570518620965107e-01 -3.736200020131816846e-01 4.112439282024760168e-03 5.857373318851055721e-04
7.675000000000000000e+01 1.726357492528859472e-03 1.197248463655225473e-03 9.216871635023355935e-01 -3.747720285575292243e-01 4.126258558223211415e-03 5.853399966829764267e-04
7.700000000000000000e+01 1.731730557914539339e-03 1.192363674374693127e-03 9.212059215980111793e-01 -3.758938344938717036e-01 4.125575927829944201e-03 5.832272423061946043e-04
7.725000000000000000e+01 1.722378013085687802e-03 1.188984251596083728e-03 9.207237525874228945e-01 -3.770395921950494000e-01 4.147451542934249558e-03 5.672410269192962318e-04
7.750000000000000000e+01 1.726857362438778687e-03 1.184696465328162777e-03 9.202335790019555706e-01 -3.782152809072772959e-01 4.181032878150192644e-03 5.787356245413599609e-04
7.775000000000000000e+01 1.746340416120074684e-03 1.188066797873782877e-03 9.197424692429312376e-01 -3.793435873427750682e-01 4.160168450936030382e-03 5.489277130779623981e-04
7.800000000000000000e+01 1.748603150198569560e-03 1.183703146444372179e-03 9.192681280548544720e-01 -3.804845707255404275e-01 4.160274342490083432e-03 5.602870411263172201e-04
7.825000000000000000e+01 1.760684651790582434e-03 1.189909676567273405e-03 9.187859683562419333e-01 -3.816225618306713363e-01 4.161569560865330253e-03 5.417377486562902078e-04
7.850000000000000000e+01 1.759266619789935952e-03 1.187905616133609361e-03 9.182994048572542534e-01 -3.827770389981750010e-01 4.156418472329226343e-03 5.436984921948773142e-04
7.875000000000000000e+01 1.765786564363261727e-03 1.192348220757168380e-03 9.178442073976854632e-01 -3.839173122321646869e-01 4.192095780736260213e-03 5.210487876232128279e-04
7.900000000000000000e+01 1.780461759584443847e-03 1.193428565389385984e-03 9.173346365069594555e-01 -3.850390862090427024e-01 4.191270343182312841e-03 5.033363049837813463e-04
7.925000000000000000e+01 1.767578172132048967e-03 1.187315819377143160e-03 9.168275435549867458e-01 -3.861807321526566361e-01 4.223919816165017105e-03 4.961810708718483731e-04
7.950000000000000000e+01 1.791594622871297161e-03 1.184975837955092254e-03 9.163453386467781403e-01 -3.873374641980084632e-01 4.201765387591621659e-03 5.059070828276057696e-04
7.975000000000000000e+01 1.789783354137564194e-03 1.181001653123145943e-03 9.158504115438453885e-01 -3.884556790429352091e-01 4.228615336632990385e-03 5.078898729571346138e-04
8.000000000000000000e+01 1.795238731746242808e-03 1.186086074418462753e-03 9.153408960647447801e-01 -3.895993219600712987e-01 4.225218868877833600e-03 4.925368196863066927e-04
8.025000000000000000e+01 1.806938146468824386e-03 1.177740823131276718e-03 9.148341312708639927e-01 -3.907628589474567704e-01 4.246154675395102940e-03 4.999726622022526712e-04
8.050000000000000000e+01 1.813579442964445999e-03 1.175711647669777692e-03 9.143362879888903283e-01 -3.918986422373574308e-01 4.253115705422499948e-03 4.765369903617089342e-04
8.075000000000000000e+01 1.819318668941727205e-03 1.168317781796625364e-03 9.138409510973993788e-01 -3.930107638200612263e-01 4.244865557154364755e-03 4.773608443955357217e-04
8.100000000000000000e+01 1.814646248644315911e-03 1.177345257694340256e-03 9.133371808339461051e-01 -3.941592027901301143e-01 4.263890159592331752e-03 4.681928527207057655e-04
8.125000000000000000e+01 1.829097760751938456e-03 1.186045562403963399e-03 9.128340189642829561e-01 -3.953019695743178463e-01 4.248139992585581171e-03 4.606454270660309547e-04
8.150000000000000000e+01 1.825255225180655392e-03 1.175725469492094584e-03 9.123295504731945282e-01 -3.964162055606273438e-01 4.260280260218768378e-03 4.579687902577234127e-04
8.175000000000000000e+01 1.851865499426830685e-03 1.179401797593812020e-03 9.118240913897643907e-01 -3.975449012546802829e-01 4.249689386449789774e-03 4.268083449108783789e-04
8.200000000000000000e+01 1.860122911870613167e-03 1.175818274764076857e-03 9.113091345708015378e-01 -3.986970432072615700e-01 4.271181063783713316e-03 4.383511899644920717e-04
8.225000000000000000e+01 1.849911706341156445e-03 1.171995906319944335e-03 9.108093969941783996e-01 -3.998196718136790007e-01 4.287982595943068409e-03 4.337378141776593310e-04
8.250000000000000000e+01 1.874814123085782056e-03 1.172834098788910632e-03 9.103254169444240373e-01 -4.009466697400112523e-01 4.282376875464150023e-03 4.285452899208674893e-04
8.275000000000000000e+01 1.871236188341702774e-03 1.161646872535428143e-03 9.097934077374153494e-01 -4.020700230947513720e-01 4.305263784047497211e-03 4.262866985758062555e-04
8.300000000000000000e+01 1.884355254009959001e-03 1.177742943070139844e-03 9.092589915323772143e-01 -4.032371136432323921e-01 4.278606347977387259e-03 4.082108368532177956e-04
8.325000000000000000e+01 1.884676454634067648e-03 1.162949218638297064e-03 9.087596167709458550e-01 -4.043300691330998231e-01 4.288342184076615604e-03 4.221720613193369331e-04
8.350000000000000000e+01 1.879059789219109317e-03 1.162435302248756045e-03 9.082413696209324927e-01 -4.054614098252317667e-01 4.297397148265519329e-03 4.140390536266358446e-04
8.375000000000000000e+01 1.902710488465880756e-03 1.160210356177459982e-03 9.077242029368189913e-01 -4.066187810208576336e-01 4.280953407743204320e-03 4.102523581026029653e-04
8.400000000000000000e+01 1.914666384855597241e-03 1.160201554356148686e-03 9.071802476275061533e-01 -4.077491480883045361e-01 4.279334792588462832e-03 3.905678470623730192e-04
8.425000000000000000e+01 1.906221544331145306e-03 1.151534830264359282e-03 9.066881935657717939e-01 -4.088502724172302649e-01 4.291524723944839526e-03 4.106300724618927589e-04
8.450000000000000000e+01 1.917248614624025588e-03 1.153284035026849990e-03 9.061740761511951625e-01 -4.099847170657948681e-01 4.302417091170906982e-03 3.812452645708952481e-04
8.475000000000000000e+01 1.926026234323892491e-03 1.154986789273654019e-03 9.056321054573595042e-01 -4.111406308724361303e-01 4.327031401757719387e-03 3.762681233732689812e-04
8.500000000000000000e+01 1.939105436233173928e-03 1.148935189991186863e-03 9.051056186947541438e-01 -4.122433136740064619e-01 4.321074817305009530e-03 3.659110461833314787e-04
8.525000000000000000e+01 1.949078651195065241e-03 1.151255062112988697e-03 9.046072317100992688e-01 -4.133381624415794486e-01 4.334172760752263986e-03 3.672214200146073360e-04
8.550000000000000000e+01 1.936169997392489517e-03 1.136799730261763355e-03 9.040673826791980616e-01 -4.144915956016839709e-01 4.354417005348859560e-03 3.581743926411862233e-04
8.575000000000000000e+01 1.947137775629485812e-03 1.149265900798551645e-03 9.035370158588570400e-01 -4.156358749198969527e-01 4.352899764951539963e-03 3.534995790571704433e-04
8.600000000000000000e+01 1.948634759197309272e-03 1.152406810023138542e-03 9.030095474241636166e-01 -4.167130490694904710e-01 4.353099702150003969e-03 3.262949310952056869e-04
8.625000000000000000e+01 1.966011824419838534e-03 1.136284847904898195e-03 9.024896178718604389e-01 -4.178326262281588099e-01 4.340875775113300916e-03 3.344375812413535876e-04
8.650000000000000000e+01 1.961947403251884485e-03 1.140145950093089883e-03 9.019373790243268019e-01 -4.189731124330043910e-01 4.375135225751697332e-03 3.379986298210901907e-04
8.675000000000000000e+01 1.972051412917015089e-03 1.127660315722733278e-03 9.014155776298421463e-01 -4.200934604588839605e-01 4.368046766325267560e-03 3.290111264830919424e-04
8.700000000000000000e+01 1.976702915587584368e-03 1.143785831752385310e-03 9.008948104281166991e-01 -4.211901083599355333e-01 4.398200561546328213e-03 3.253222447734960276e-04
8.725000000000000000e+01 1.980522134545091399e-03 1.145758981098417761e-03 9.003425666709640174e-01 -4.223347644467964623e-01 4.371090100342228668e-03 3.069284735324195879e-04
8.750000000000000000e+01 1.990030802404181998e-03 1.135417390921858796e-03 8.997932708280252934e-01 -4.234717169479316201e-01 4.391036287402727556e-03 3.156441888623184866e-04
8.775000000000000000e+01 2.000412748358311541e-03 1.141632609372971634e-03 8.992337914019333800e-01 -4.245630029996227406e-01 4.376089395617427380e-03 2.977349833823139669e-04
8.800000000000000000e+01 2.013384318556677138e-03 1.136562135765243481e-03 8.987060527389191256e-01 -4.256693512855030392e-01 4.370273857702167142e-03 2.837698365059093675e-04
8.825000000000000000e+01 2.000882027278791039e-03 1.130341546910019427e-03 8.981372938637750547e-01 -4.268144009483061940e-01 4.396363392111773960e-03 2.885562942187558377e-04
8.850000000000000000e+01 2.009378437125553668e-03 1.120407174924038058e-03 8.976140265181564715e-01 -4.279380854314269178e-01 4.417469340955160195e-03 2.873733425353686144e-04
8.875000000000000000e+01 2.015484224868652457e-03 1.124623254381626599e-03 8.970528727765267885e-01 -4.290253888469541255e-01 4.402373489596461686e-03 2.811443408868297134e-04
8.900000000000000000e+01 2.025865541001804077e-03 1.123728626749604309e-03 8.965304949315235916e-01 -4.301420479307568878e-01 4.431534516093266207e-03 2.621917232024095767e-04
8.925000000000000000e+01 2.016481655177006053e-03 1.128679944587945025e-03 8.959710306977770600e-01 -4.312634003362521007e-01 4.425807707704454419e-03 2.501390616206911055e-04
8.950000000000000000e+01 2.045935165699193110e-03 1.117915725690869517e-03 8.954404222377043698e-01 -4.323555232958946060e-01 4.404232719991990619e-03 2.584191279338954317e-04
8.975000000000000000e+01 2.040162825196244548e-03 1.119314060814656855e-03 8.948992746667820963e-01 -4.334804105835158849e-01 4.419137794163502386e-03 2.411134447275475878e-04
9.000000000000000000e+01 2.045304175284884656e-03 1.102208722557459098e-03 8.943566413590257058e-01 -4.345888350531474931e-01 4.428851721236526373e-03 2.580920652414664396e-04
9.025000000000000000e+01 2.062150727240022983e-03 1.111669626326006492e-03 8.937846126831686666e-01 -4.357091660531348110e-01 4.421672781713292810e-03 2.403931601283049169e-04
9.050000000000000000e+01 2.067177787112799755e-03 1.115520077660819018e-03 8.932463534192666144e-01 -4.368084217633598221e-01 4.425227644594575960e-03 2.153171382532348410e-04
9.075000000000000000e+01 2.067224308781508060e-03 1.112868655058220921e-03 8.926944875202134089e-01 -4.379333072811070759e-01 4.441667844438251800e-03 2.116605313052799531e-04
9.100000000000000000e+01 2.086863440455099476e-03 1.114519496240541510e-03 8.921072133548261229e-01 -4.390519387307781907e-01 4.431244203232209689e-03 2.185766277322254147e-04
9.125000000000000000e+01 2.085191789112539763e-03 1.113050099912973705e-03 8.915713974721185542e-01 -4.401548777510536636e-01 4.436378298051990576e-03 2.027823694606412097e-04
9.150000000000000000e+01 2.083363302133468386e-03 1.099637318177453449e-03 8.910058583678581723e-01 -4.412481236938440299e-01 4.450762821813003534e-03 2.180186944705231333e-04
9.175000000000000000e+01 2.086287063653671781e-03 1.103938383147653850e-03 8.904224656275302463e-01 -4.423855884991408915e-01 4.456647049286610596e-03 1.982322879921505354e-04
9.200000000000000000e+01 2.122889492228174652e-03 1.099034798664533415e-03 8.898651445002233595e-01 -4.434755584413029306e-01 4.447012576162645558e-03 1.735082729277803715e-04
9.225000000000000000e+01 2.127838594340970488e-03 1.092616147439904716e-03 8.893142224972779841e-01 -4.445773514624330458e-01 4.450105225258044195e-03 1.862775955845386022e-04
9.250000000000000000e+01 2.108310029058553699e-03 1.093862101634496958e-03 8.887501383283987755e-01 -4.456816233430299645e-01 4.488574981466458835e-03 1.762479290382534813e-04
9.275000000000000000e+01 2.112470196755564505e-03 1.073057379594935436e-03 8.881723216892216666e-01 -4.467899073961022482e-01 4.481833547437613641e-03 1.714446732599683720e-04
9.300000000000000000e+01 2.120725143522868891e-03 1.086887495301326135e-03 8.876249636664839127e-01 -4.478817859065440943e-01 4.494324620228612455e-03 1.631841151834567682e-04
9.325000000000000000e+01 2.129280764092388641e-03 1.079909769088272659e-03 8.870569779970394197e-01 -4.489563734255464511e-01 4.463495956763985362e-03 1.708297943776582173e-04
9.350000000000000000e+01 2.143722715404491972e-03 1.085436017492575700e-03 8.864757694542557687e-01 -4.500864073377394692e-01 4.475907407124640747e-03 1.589769434290344563e-04
9.375000000000000000e+01 2.151354708098877997e-03 1.067859354933641284e-03 8.859099333388995579e-01 -4.511917399856792410e-01 4.488275247434225790e-03 1.599849630191663152e-04
9.400000000000000000e+01 2.159432284983330529e-03 1.088539956480175791e-03 8.853475529062216909e-01 -4.522694355915291564e-01 4.472358489223449141e-03 1.277111783590800798e-04
9.425000000000000000e+01 2.161435263546205438e-03 1.065971783638383977e-03 8.847512628408089608e-01 -4.533653264783643611e-01 4.491209260383433044e-03 1.533155567116639695e-04
9.450000000000000000e+01 2.163078360809699962e-03 1.073034973995341031e-03 8.841596666516311487e-01 -4.544835394705278864e-01 4.510254248822870293e-03 1.155937164205034229e-04
9.475000000000000000e+01 2.164735088724218607e-03 1.065256876206187569e-03 8.835893692799058341e-01 -4.555645390458405442e-01 4.513734202320457412e-03 1.425266777804745644e-04
9.500000000000000000e+01 2.169053243377648977e-03 1.062924822717184123e-03 8.830056690639305206e-01 -4.566680808894888477e-01 4.500840376734677184e-03 1.256449084335309330e-04
9.525000000000000000e+01 2.174826248010135795e-03 1.067474096054121802e-03 8.824306061901646681e-01 -4.577438745011473409e-01 4.512166851701193693e-03 1.194771209359068997e-04
9.550000000000000000e+01 2.199618743137119956e-03 1.065689443832286117e-03 8.818504866113022755e-01 -4.588530139630296323e-01 4.506893314427939945e-03 1.096575637526409075e-04
9.575000000000000000e+01 2.194290667743253268e-03 1.065367584696485896e-03 8.812615082133462563e-01 -4.599594888223652589e-01 4.499609046179603444e-03 1.066642571787013161e-04
9.600000000000000000e+01 2.202235468567289439e-03 1.054108802028315287e-03 8.806768475692730025e-01 -4.610712834698484364e-01 4.515454758888065578e-03 1.099416538389297315e-04
9.625000000000000000e+01 2.222956642915923514e-03 1.048976961466607360e-03 8.800790752650811122e-01 -4.621421564982274299e-01 4.491037904188366348e-03 8.812693861021125841e-05
9.650000000000000000e+01 2.212677855721632576e-03 1.043219114155684865e-03 8.794924346415801120e-01 -4.632477170152097812e-01 4.534320760829713137e-03 9.793109453237747175e-05
9.675000000000000000e+01 2.219233392460477454e-03 1.048814386699570929e-03 8.789088011701411407e-01 -4.643100118268260190e-01 4.520326826444293067e-03 6.748590152866329461e-05
9.700000000000000000e+01 2.227333395673407410e-03 1.040571897632719791e-03 8.783119091112427945e-01 -4.654018573176890161e-01 4.521575989285264718e-03 8.285557627357720278e-05
9.725000000000000000e+01 2.217176006982913335e-03 1.061301320231006597e-03 8.777321047424406775e-01 -4.665151684772038121e-01 4.520056781814552060e-03 4.294393523257555856e-05
9.750000000000000000e+01 2.245590967110540088e-03 1.047055986016493792e-03 8.771498881568350336e-01 -4.675876243857503556e-01 4.533185817254758998e-03 5.501688384956793243e-05
9.775000000000000000e+01 2.239615100972860203e-03 1.045932634205853917e-03 8.765493618285955524e-01 -4.687065733888787777e-01 4.551146087721169575e-03 4.426870265672455673e-05
9.800000000000000000e+01 2.241499140062498154e-03 1.027237241324715274e-03 8.759329223891257898e-01 -4.697804771687460468e-01 4.567793657755558900e-03 5.100164670179818671e-05
9.825000000000000000e+01 2.245235735523530042e-03 1.034469281419400687e-03 8.753417372306061539e-01 -4.708767906127270808e-01 4.572238578650023033e-03 2.745791855246482172e-05
9.850000000000000000e+01 2.254689717426498242e-03 1.033463433875667472e-03 8.747358210125399935e-01 -4.719519780374881734e-01 4.551819282077762541e-03 2.240187500657242481e-05
9.875000000000000000e+01 2.283495141551694380e-03 1.029976775869753799e-03 8.741637591864661605e-01 -4.730280050859584917e-01 4.541163871516484818e-03 3.410619349047960824e-05
9.900000000000000000e+01 2.299195979127486092e-03 1.018719531206974203e-03 8.735743291213539097e-01 -4.741091863606928247e-01 4.523780319963977004e-03 4.965609378282387354e-05
9.925000000000000000e+01 2.272678063474814145e-03 1.028630846491697479e-03 8.729539154426462222e-01 -4.751935291607793377e-01 4.561137139876270119e-03 4.483222949547283065e-07
9.950000000000000000e+01 2.284440471919722479e-03 1.029219946798375649e-03 8.723741200350045855e-01 -4.762863098656048289e-01 4.567261656781063106e-03 1.222852604232382845e-06
9.975000000000000000e+01 2.283744525866552005e-03 1.017498832226040179e-03 8.717497776664108189e-01 -4.773764274554536113e-01 4.565174360667834108e-03 -3.902700929092617343e-06
1.000000000000000000e+02 2.307251990974428131e-03 1.016433520993291657e-03 8.711292292157722938e-01 -4.784667399947798994e-01 4.570885538773106216e-03 1.117220360769000109e-05
